n1: 5
n2: 1
n3: 6
n4: 1.5
q:  -2
r:  -1
d:  -3
m:  1
f:  3
l:  4.60716818865076442405424
t:  1.557407724654902
